17.62749218940735
0.35109567642211914
0.31586551666259766
0.2853424549102783
0.28777146339416504
0.32091236114501953
0.2935187816619873
0.2989189624786377
0.4715089797973633
0.44397974014282227
0.2757294178009033
0.4448204040527344
0.281571626663208
0.2708168029785156
0.27978038787841797
0.4160037040710449
0.2676856517791748
0.5261104106903076
0.28424715995788574
0.2705717086791992
0.5879387855529785
0.3913424015045166
0.29854416847229004
0.5092730522155762
0.4674205780029297
0.27872157096862793
0.29251861572265625
0.29162120819091797
0.28977394104003906
0.37369847297668457
0.28433942794799805
0.29546022415161133
0.3127012252807617
0.35616397857666016
0.2848529815673828
0.27289772033691406
0.3117027282714844
0.279435396194458
0.2646358013153076
0.2782585620880127
0.281097412109375
0.26663851737976074
0.27118468284606934
0.28458452224731445
0.2789571285247803
0.2687866687774658
0.28408122062683105
0.27374863624572754
0.27610111236572266
0.267686128616333
0.2659115791320801
0.2733113765716553
0.2644481658935547
0.27406907081604004
0.32592082023620605
0.2613182067871094
0.2766304016113281
0.263904333114624
0.27785277366638184
0.28043651580810547
0.2753870487213135
0.26509714126586914
0.2638742923736572
0.26349377632141113
0.2631077766418457
0.2832760810852051
0.26537632942199707
0.26442980766296387
0.2626950740814209
0.2656269073486328
0.2794373035430908
0.263965368270874
0.26641058921813965
0.2662837505340576
0.2667975425720215
0.26787328720092773
0.276200532913208
0.2798306941986084
0.2985398769378662
0.2746763229370117
0.2837226390838623
0.2983376979827881
0.2862882614135742
0.27301549911499023
0.269420862197876
0.27478551864624023
0.26294970512390137
0.2719721794128418
0.279207706451416
0.2854158878326416
0.297715425491333
0.28554773330688477
0.3160078525543213
0.28397345542907715
0.28855276107788086
0.31063103675842285
0.2806847095489502
0.33439064025878906
0.29545092582702637
0.28267621994018555
0.2659313678741455
0.3010721206665039
0.2670619487762451
0.28210997581481934
0.26489925384521484
0.2660408020019531
0.284543514251709
0.27053189277648926
0.2677936553955078
0.2658271789550781
0.32576584815979004
0.2652432918548584
0.2751655578613281
0.27524733543395996
0.2695178985595703
0.3011653423309326
0.29137182235717773
0.2818129062652588
0.27718043327331543
0.264984130859375
0.2639436721801758
0.27131032943725586
0.2646350860595703
0.2647213935852051
0.2749040126800537
0.363861083984375
0.27398252487182617
0.2677605152130127
0.2750990390777588
0.31008195877075195
0.2637765407562256
0.2676217555999756
0.2623131275177002
0.2689967155456543
0.27857041358947754
0.27759790420532227
0.2718830108642578
0.2668039798736572
0.26826047897338867
0.26665544509887695
0.2688150405883789
0.2790794372558594
0.27593278884887695
0.3322792053222656
0.3077704906463623
0.28522181510925293
0.2769193649291992
0.2663557529449463
0.281832218170166
0.26049208641052246
0.26421046257019043
0.3046562671661377
0.2759556770324707
0.26740312576293945
0.26932334899902344
0.2620363235473633
0.27844882011413574
0.3024885654449463
0.2657153606414795
0.26134181022644043
0.2767312526702881
0.29070448875427246
0.26392364501953125
0.2727174758911133
0.2684781551361084
0.314150333404541
0.2731475830078125
0.28417539596557617
0.279041051864624
0.29555845260620117
0.26740384101867676
0.310255765914917
0.26772236824035645
0.2642021179199219
0.26308345794677734
0.2758829593658447
0.26250743865966797
0.26527929306030273
0.268782377243042
0.268390417098999
0.26630377769470215
0.2650120258331299
0.2652294635772705
0.2805619239807129
0.2715268135070801
0.28200745582580566
0.27095532417297363
0.3107914924621582
0.270674467086792
0.28545260429382324
0.2689998149871826
0.36397242546081543
0.26505541801452637
0.2803061008453369
0.2930030822753906
0.29671239852905273
0.28348398208618164
0.27177953720092773
0.2851135730743408
0.30896592140197754
0.3114333152770996
0.2897074222564697
0.26778459548950195
0.3686823844909668
0.29624319076538086
0.2678394317626953
0.2701706886291504
0.28049349784851074
0.2764866352081299
0.26920533180236816
0.2783772945404053
0.28328490257263184
0.2679314613342285
0.2646520137786865
0.3422708511352539
0.2864377498626709
0.28850817680358887
0.3931694030761719
0.27053046226501465
0.2726936340332031
0.2802577018737793
0.267958402633667
0.2705960273742676
0.3781263828277588
0.2872278690338135
0.271014928817749
0.280353307723999
0.26751112937927246
0.277388334274292
0.26640939712524414
0.31816625595092773
0.31224656105041504
0.35747241973876953
0.26584649085998535
0.33584094047546387
0.2747457027435303
0.26761627197265625
0.27311158180236816
0.2659580707550049
0.36618995666503906
0.2740182876586914
0.283036470413208
0.30143189430236816
0.2830984592437744
0.2999567985534668
0.27411770820617676
0.26590871810913086
0.3108100891113281
0.2816283702850342
0.29311108589172363
0.2624337673187256
0.2807803153991699
0.27584338188171387
0.2710282802581787
0.31506800651550293
0.27861714363098145
0.28325939178466797
0.2720062732696533
0.27991247177124023
0.27471923828125
0.2684330940246582
0.2691009044647217
0.2937655448913574
0.3914031982421875
0.27366137504577637
0.3118276596069336
0.278212308883667
0.26027822494506836
0.2647714614868164
0.2629549503326416
0.2741103172302246
0.28167271614074707
0.2736661434173584
0.27112412452697754
0.2653043270111084
0.26883983612060547
0.26306629180908203
0.2658860683441162
0.29235124588012695
0.27664709091186523
0.2629373073577881
0.268902063369751
0.26169776916503906
0.263613224029541
0.26732754707336426
0.2987852096557617
0.26497626304626465
0.2669031620025635
0.27437639236450195
0.2733607292175293
0.26859259605407715
0.26432228088378906
0.26973605155944824
0.28136467933654785
0.36602258682250977
0.2700481414794922
0.26604223251342773
0.25815296173095703
0.2624218463897705
0.27596282958984375
0.2727196216583252
0.26421356201171875
0.26046013832092285
0.2657923698425293
0.2691988945007324
0.2811601161956787
0.2631077766418457
0.2722306251525879
0.2714548110961914
0.27427101135253906
0.26161742210388184
0.2632873058319092
0.30849266052246094
0.28022289276123047
0.3602430820465088
0.32907581329345703
0.355865478515625
0.4526045322418213
0.3602478504180908
0.3333311080932617
0.28789329528808594
0.3049030303955078
0.30628514289855957
0.31571054458618164
0.28311705589294434
0.26450562477111816
0.3777620792388916
0.2818131446838379
0.2663397789001465
0.31960177421569824
0.3144266605377197
0.37157440185546875
0.28089284896850586
0.26573920249938965
0.2985343933105469
0.2884700298309326
0.2661252021789551
0.2692415714263916
0.2679781913757324
0.26631736755371094
0.2905161380767822
0.2676351070404053
0.360515832901001
0.4201657772064209
0.35797786712646484
0.34241318702697754
0.27710485458374023
0.3730442523956299
0.276613712310791
0.3095710277557373
0.26625704765319824
0.27016520500183105
0.27260828018188477
0.26574134826660156
0.2687816619873047
0.29886674880981445
0.3123512268066406
0.2981147766113281
0.3584568500518799
0.359452486038208
0.3488304615020752
0.27562999725341797
0.2778494358062744
0.30402278900146484
0.2681005001068115
0.2633962631225586
0.29317784309387207
0.2758035659790039
0.28716278076171875
0.296781063079834
0.2976052761077881
0.29653263092041016
0.28687262535095215
0.37676453590393066
0.27982234954833984
0.4061424732208252
0.25934314727783203
0.36233949661254883
0.2591521739959717
0.2580559253692627
0.26142120361328125
0.26284337043762207
0.26170802116394043
0.26027584075927734
0.3004472255706787
0.3123598098754883
0.29525136947631836
0.29694080352783203
0.29581117630004883
0.2938990592956543
0.3464820384979248
0.26819539070129395
0.2632472515106201
0.2693898677825928
0.2666184902191162
0.2635824680328369
0.30803990364074707
0.3010890483856201
0.31005001068115234
0.29501819610595703
0.37258052825927734
0.3131673336029053
0.30057573318481445
0.2875699996948242
0.2717568874359131
0.2606050968170166
0.26027846336364746
0.32548046112060547
0.38326215744018555
0.2630331516265869
0.27240943908691406
0.2647993564605713
0.3003997802734375
0.2744438648223877
0.26152896881103516
0.36375999450683594
0.35358238220214844
0.2734813690185547
0.27380800247192383
0.27458667755126953
0.3197793960571289
0.2643859386444092
0.2647731304168701
0.28111863136291504
0.36324286460876465
0.3312699794769287
0.27147364616394043
0.285642147064209
0.2924065589904785
0.2803058624267578
0.3423042297363281
0.2905261516571045
0.259981632232666
0.26022791862487793
0.30285072326660156
0.26591992378234863
0.2713782787322998
0.26493358612060547
0.2612009048461914
0.2616536617279053
0.29453563690185547
0.2665386199951172
0.33214688301086426
0.3105604648590088
0.2603886127471924
0.2647256851196289
0.2618520259857178
0.26258301734924316
0.2827718257904053
0.3241698741912842
0.2836282253265381
0.3343658447265625
0.27252697944641113
0.27703285217285156
0.2668159008026123
0.33481693267822266
0.333301305770874
0.26479530334472656
0.3147623538970947
0.265763521194458
0.2635509967803955
0.2648348808288574
0.27832961082458496
0.2840743064880371
0.2876110076904297
0.28429722785949707
0.26935362815856934
0.26988768577575684
0.27660465240478516
0.2607276439666748
0.3077268600463867
0.27135777473449707
0.26969432830810547
0.26084470748901367
0.2616281509399414
0.261383056640625
0.2719686031341553
0.2705554962158203
0.27592039108276367
0.2834157943725586
0.2781364917755127
0.28497982025146484
0.37903571128845215
0.37962865829467773
0.36918187141418457
0.3075563907623291
0.2776510715484619
0.2629966735839844
0.2689940929412842
0.388930082321167
0.26595044136047363
0.29759860038757324
0.27134156227111816
0.266218900680542
0.2687876224517822
0.26659464836120605
0.27506113052368164
0.2657029628753662
0.27489328384399414
0.3533308506011963
0.32021117210388184
0.3930189609527588
0.2851231098175049
0.28478503227233887
0.2639579772949219
0.2637660503387451
0.2988269329071045
0.2637314796447754
0.2757894992828369
0.2776217460632324
0.29834723472595215
0.26215338706970215
0.26157712936401367
0.26458215713500977
0.31994104385375977
0.2600228786468506
0.3643910884857178
0.390575647354126
0.3511393070220947
0.25945544242858887
0.3391914367675781
0.37662410736083984
0.27370643615722656
0.2650485038757324
0.265064001083374
0.2651791572570801
0.26329803466796875
0.26076173782348633
0.33040428161621094
0.34713292121887207
0.269606351852417
0.2877013683319092
0.2778756618499756
0.27299976348876953
0.2649352550506592
0.36381053924560547
0.34682631492614746
0.2820732593536377
0.27458810806274414
0.3465733528137207
0.29985547065734863
0.2587916851043701
0.26194071769714355
0.2710456848144531
0.2909266948699951
0.3040962219238281
0.27110719680786133
0.2595078945159912
0.26061439514160156
0.28687596321105957
0.2860543727874756
0.34592270851135254
0.36121487617492676
0.3004333972930908
0.31368207931518555
0.3652224540710449
0.31029415130615234
0.2911970615386963
0.290546178817749
0.2608013153076172
0.26004719734191895
0.2731609344482422
0.38840484619140625
0.28542566299438477
0.2602379322052002
0.2925455570220947
0.2632017135620117
0.27913975715637207
0.2592182159423828
0.2589230537414551
0.49052953720092773
0.2839953899383545
0.2642025947570801
0.27001047134399414
0.2713642120361328
0.31170225143432617
0.28092122077941895
0.27188634872436523
0.26627230644226074
0.2758674621582031
0.3004114627838135
0.30836987495422363
0.26436924934387207
0.3020594120025635
0.3058948516845703
0.29065442085266113
0.38921403884887695
0.3216240406036377
0.30510759353637695
0.3226430416107178
0.2674596309661865
0.2776217460632324
0.2718348503112793
0.30081701278686523
0.34905457496643066
0.2766263484954834
0.2821018695831299
0.2693004608154297
0.27316904067993164
0.3100004196166992
0.31421566009521484
0.3083920478820801
0.3080151081085205
0.29644155502319336
0.298262357711792
0.30649662017822266
0.2884957790374756
0.3088493347167969
0.4048342704772949
0.27176928520202637
0.2908811569213867
0.27292943000793457
0.327594518661499
0.27202486991882324
0.274965763092041
0.27613401412963867
0.2675333023071289
0.32222437858581543
0.2657942771911621
0.2900257110595703
0.27901721000671387
0.26730942726135254
0.3429141044616699
0.27810001373291016
0.26496148109436035
0.27303051948547363
0.26669907569885254
0.2755465507507324
0.26862359046936035
0.3149704933166504
0.4237351417541504
0.28431248664855957
0.2632009983062744
0.2645912170410156
0.26650047302246094
0.26862144470214844
0.2762939929962158
0.2660834789276123
0.26757383346557617
0.27033209800720215
0.26450681686401367
0.2660703659057617
0.2670724391937256
0.3110969066619873
0.3491077423095703
0.3021118640899658
0.2980771064758301
0.28238701820373535
0.31270503997802734
0.2905726432800293
0.32413220405578613
0.2860844135284424
0.3094010353088379
0.30837249755859375
0.28684401512145996
0.3137540817260742
0.31453752517700195
0.36478209495544434
0.3459789752960205
0.39327096939086914
0.3145122528076172
0.30254292488098145
0.3158142566680908
0.38100504875183105
0.3331313133239746
0.3031938076019287
0.3024158477783203
0.2952260971069336
0.263049840927124
0.28519248962402344
0.2659728527069092
0.2794032096862793
0.2973048686981201
0.2702653408050537
0.2899341583251953
0.2688918113708496
0.2687840461730957
0.3764181137084961
0.3776090145111084
0.3170313835144043
0.26719021797180176
0.2661118507385254
0.30197882652282715
0.2768824100494385
0.2944018840789795
0.3699305057525635
0.28959131240844727
0.2658209800720215
0.3620274066925049
0.2733447551727295
0.30626535415649414
0.2679731845855713
0.27956056594848633
0.26780200004577637
0.2784383296966553
0.27019333839416504
0.3019695281982422
0.3771789073944092
0.2876472473144531
0.381258487701416
0.2856118679046631
0.27868103981018066
0.26889610290527344
0.26787543296813965
0.2721114158630371
0.2674524784088135
0.32053661346435547
0.42387986183166504
0.4037644863128662
0.31226587295532227
0.26502037048339844
0.3186614513397217
0.2755923271179199
0.2694244384765625
0.27004098892211914
0.3431682586669922
0.2797822952270508
0.33148646354675293
0.29637956619262695
0.27722787857055664
0.30442142486572266
0.2668497562408447
0.2900526523590088
0.38298773765563965
0.3356971740722656
0.297971248626709
0.2629401683807373
0.26764822006225586
0.2649068832397461
0.2639298439025879
0.27699804306030273
0.27483367919921875
0.2673945426940918
0.3085930347442627
0.274888277053833
0.2653636932373047
0.36365747451782227
